Quadraturpunkte	Gewichte	n
0.3225475848	0.6031540632	3
1.745761395	0.3574187458	3
4.536621571	0.03888790309	3
9.395071983	0.0005392943858	3
0.222846806	0.4589647651	5
1.188932896	0.4170009792	5
2.992737293	0.1133734286	5
5.775144577	0.01039920188	5
9.837471962	0.0002610170341	5
15.98287773	8.985484214e-07	5
0.1257964522	0.2849335968	10
0.6654183269	0.3897205889	10
1.647150278	0.2327817976	10
3.091138601	0.07656440139	10
5.029284	0.01439325325	10
7.509888649	0.001518878154	10
10.60595322	8.513114153e-05	10
14.43161106	2.292398449e-06	10
19.17886353	2.486325279e-08	10
25.21771622	7.712602779e-11	10
33.4971962	2.883756873e-14	10
